 1       0.1746        0.0000
 2       0.3064        0.0000
 3       0.3647        0.0000
 4       0.4055        0.0000
 5       0.4393        0.4016
 6       0.4919        0.0000
 7       0.5023        0.0000
 8       0.5075        0.0000
 9       0.5124        0.0000
10       0.5176        0.4545
11       0.5169        0.0000
12       0.5273        0.0000
13       0.5259        0.0000
14       0.5258        0.0000
15       0.5261        0.4534
16       0.5283        0.0000
17       0.5290        0.0000
18       0.5306        0.0000
19       0.5294        0.0000
20       0.5291        0.4537
21       0.5308        0.0000
22       0.5296        0.0000
23       0.5287        0.0000
24       0.5298        0.0000
25       0.5287        0.4457
26       0.5301        0.0000
27       0.5290        0.0000
28       0.5292        0.0000
29       0.5300        0.0000
30       0.5296        0.4486
31       0.5281        0.0000
32       0.5312        0.0000
33       0.5283        0.0000
34       0.5310        0.0000
35       0.5298        0.4568
36       0.5310        0.0000
37       0.5303        0.0000
38       0.5302        0.0000
39       0.5294        0.0000
40       0.5304        0.4554
41       0.5282        0.0000
42       0.5312        0.0000
43       0.5291        0.0000
44       0.5308        0.0000
45       0.5289        0.4494
46       0.5285        0.0000
47       0.5309        0.0000
48       0.5293        0.0000
49       0.5316        0.0000
50       0.5296        0.4543
51       0.5304        0.0000
52       0.5297        0.0000
53       0.5290        0.0000
54       0.5297        0.0000
55       0.5299        0.4467
56       0.5310        0.0000
57       0.5298        0.0000
58       0.5286        0.0000
59       0.5298        0.0000
60       0.5324        0.4546
61       0.5291        0.0000
62       0.5276        0.0000
63       0.5301        0.0000
64       0.5274        0.0000
65       0.5301        0.4526
66       0.5295        0.0000
67       0.5298        0.0000
68       0.5286        0.0000
69       0.5312        0.0000
70       0.5288        0.4529
71       0.5280        0.0000
72       0.5313        0.0000
73       0.5294        0.0000
74       0.5309        0.0000
75       0.5291        0.4539
76       0.5303        0.0000
77       0.5293        0.0000
78       0.5300        0.0000
79       0.5291        0.0000
80       0.5278        0.4512
81       0.5296        0.0000
82       0.5281        0.0000
83       0.5299        0.0000
84       0.5312        0.0000
85       0.5291        0.4530
86       0.5322        0.0000
87       0.5318        0.0000
88       0.5293        0.0000
89       0.5318        0.0000
90       0.5274        0.4505
91       0.5309        0.0000
92       0.5298        0.0000
93       0.5310        0.0000
94       0.5280        0.0000
95       0.5319        0.4556
96       0.5301        0.0000
97       0.5299        0.0000
98       0.5328        0.0000
99       0.5331        0.0000
100       0.5291        0.4523
101       0.5290        0.0000
102       0.5315        0.0000
103       0.5290        0.0000
104       0.5299        0.0000
105       0.5286        0.4502
106       0.5281        0.0000
107       0.5304        0.0000
108       0.5290        0.0000
109       0.5318        0.0000
110       0.5288        0.4526
111       0.5282        0.0000
112       0.5293        0.0000
113       0.5313        0.0000
114       0.5302        0.0000
115       0.5292        0.4494
116       0.5296        0.0000
117       0.5283        0.0000
118       0.5274        0.0000
119       0.5299        0.0000
