 1     0.0000    0.3078     0.2081    0.2153    0.0621    0.2496    0.5234    0.0266    0.0947    0.0376
 2     0.0000    0.4441     0.3522    0.3533    0.1662    0.5077    0.6371    0.1395    0.2423    0.1652
 3     0.0000    0.4931     0.4088    0.4013    0.2625    0.6056    0.6686    0.1899    0.3128    0.2374
 4     0.0000    0.5249     0.4562    0.4214    0.3079    0.6483    0.6850    0.2708    0.3627    0.2971
 5     0.0000    0.5419     0.4816    0.4299    0.3683    0.7008    0.6986    0.3176    0.4151    0.3482
 6     0.0000    0.5818     0.5222    0.4677    0.4633    0.7408    0.7236    0.3798    0.4963    0.4315
 7     0.0000    0.5918     0.5309    0.4707    0.4685    0.7454    0.7291    0.4038    0.5115    0.4532
 8     0.0000    0.5950     0.5294    0.4766    0.4665    0.7581    0.7329    0.4140    0.5239    0.4582
 9     0.0000    0.6028     0.5307    0.4803    0.4827    0.7592    0.7308    0.4106    0.5317    0.4702
10     0.0000    0.6037     0.5369    0.4891    0.4870    0.7619    0.7341    0.4228    0.5317    0.4808
11     0.0000    0.6037     0.5291    0.4930    0.4881    0.7592    0.7362    0.4082    0.5381    0.4851
12     0.0000    0.6078     0.5384    0.4974    0.5025    0.7713    0.7395    0.4501    0.5444    0.4945
13     0.0000    0.6157     0.5419    0.5008    0.5025    0.7700    0.7408    0.4409    0.5190    0.4925
14     0.0000    0.6117     0.5476    0.4876    0.5055    0.7685    0.7384    0.4453    0.5278    0.4966
15     0.0000    0.6099     0.5349    0.4916    0.5065    0.7615    0.7397    0.4267    0.5550    0.5012
16     0.0000    0.6093     0.5433    0.4896    0.5112    0.7708    0.7393    0.4365    0.5530    0.5013
17     0.0000    0.6095     0.5451    0.4883    0.5082    0.7663    0.7411    0.4426    0.5502    0.5083
18     0.0000    0.6146     0.5415    0.4939    0.5060    0.7697    0.7408    0.4372    0.5623    0.5111
19     0.0000    0.6140     0.5411    0.4962    0.4969    0.7653    0.7400    0.4460    0.5565    0.5078
20     0.0000    0.6125     0.5434    0.4964    0.5051    0.7644    0.7394    0.4362    0.5540    0.5089
21     0.0000    0.6102     0.5460    0.4864    0.5029    0.7708    0.7410    0.4543    0.5536    0.5109
22     0.0000    0.6096     0.5453    0.4878    0.5021    0.7642    0.7383    0.4548    0.5551    0.5060
23     0.0000    0.6134     0.5436    0.4888    0.5019    0.7674    0.7382    0.4539    0.5468    0.5011
24     0.0000    0.6144     0.5467    0.4977    0.4948    0.7702    0.7408    0.4473    0.5507    0.5068
25     0.0000    0.6159     0.5427    0.4962    0.5024    0.7649    0.7433    0.4450    0.5459    0.5014
26     0.0000    0.6153     0.5438    0.4918    0.5083    0.7697    0.7416    0.4407    0.5471    0.5089
27     0.0000    0.6142     0.5412    0.4978    0.5055    0.7679    0.7389    0.4321    0.5493    0.5127
28     0.0000    0.6135     0.5379    0.4951    0.5095    0.7688    0.7400    0.4397    0.5520    0.5035
29     0.0000    0.6133     0.5438    0.4938    0.5072    0.7703    0.7405    0.4454    0.5528    0.5058
30     0.0000    0.6088     0.5472    0.4937    0.5056    0.7656    0.7407    0.4323    0.5520    0.5183
31     0.0000    0.6100     0.5386    0.4941    0.5047    0.7635    0.7410    0.4502    0.5445    0.5020
32     0.0000    0.6105     0.5386    0.4920    0.5080    0.7693    0.7430    0.4468    0.5688    0.5078
33     0.0000    0.6115     0.5470    0.4925    0.5060    0.7749    0.7406    0.4435    0.5381    0.4969
34     0.0000    0.6130     0.5445    0.4927    0.5081    0.7696    0.7402    0.4441    0.5596    0.5093
35     0.0000    0.6107     0.5390    0.4926    0.5055    0.7704    0.7406    0.4455    0.5557    0.5067
36     0.0000    0.6144     0.5434    0.4919    0.5140    0.7681    0.7398    0.4462    0.5564    0.5064
37     0.0000    0.6099     0.5409    0.4927    0.5050    0.7708    0.7386    0.4538    0.5608    0.5018
38     0.0000    0.6160     0.5441    0.4878    0.5142    0.7690    0.7401    0.4300    0.5541    0.5122
39     0.0000    0.6127     0.5375    0.4921    0.4999    0.7706    0.7412    0.4416    0.5675    0.5004
40     0.0000    0.6127     0.5398    0.4977    0.5057    0.7644    0.7411    0.4500    0.5552    0.5041
41     0.0000    0.6147     0.5376    0.4975    0.5041    0.7715    0.7399    0.4352    0.5476    0.5023
42     0.0000    0.6115     0.5442    0.5029    0.5083    0.7738    0.7422    0.4277    0.5574    0.5137
43     0.0000    0.6139     0.5412    0.4900    0.5000    0.7653    0.7411    0.4387    0.5558    0.5142
44     0.0000    0.6128     0.5414    0.4936    0.5106    0.7764    0.7415    0.4412    0.5547    0.5036
45     0.0000    0.6169     0.5440    0.4940    0.5089    0.7635    0.7394    0.4424    0.5445    0.5052
46     0.0000    0.6147     0.5424    0.4942    0.5040    0.7717    0.7389    0.4409    0.5475    0.4982
47     0.0000    0.6120     0.5397    0.4962    0.5053    0.7685    0.7401    0.4480    0.5593    0.5101
48     0.0000    0.6135     0.5429    0.4969    0.5094    0.7704    0.7399    0.4357    0.5496    0.5031
49     0.0000    0.6136     0.5435    0.4977    0.5120    0.7683    0.7420    0.4493    0.5522    0.5101
50     0.0000    0.6141     0.5418    0.4909    0.5101    0.7677    0.7398    0.4392    0.5593    0.5004
51     0.0000    0.6124     0.5394    0.4982    0.5020    0.7710    0.7421    0.4461    0.5471    0.5120
52     0.0000    0.6130     0.5419    0.4956    0.4985    0.7698    0.7411    0.4548    0.5484    0.5023
53     0.0000    0.6114     0.5423    0.4905    0.5080    0.7731    0.7412    0.4316    0.5493    0.5105
54     0.0000    0.6116     0.5437    0.4942    0.5035    0.7694    0.7401    0.4427    0.5605    0.5018
55     0.0000    0.6123     0.5386    0.4960    0.5014    0.7681    0.7407    0.4526    0.5553    0.5035
56     0.0000    0.6150     0.5419    0.4893    0.5119    0.7693    0.7426    0.4455    0.5525    0.5154
57     0.0000    0.6096     0.5416    0.4930    0.5143    0.7672    0.7405    0.4441    0.5524    0.5036
58     0.0000    0.6103     0.5407    0.4925    0.4975    0.7694    0.7403    0.4437    0.5513    0.5095
59     0.0000    0.6119     0.5468    0.4930    0.5084    0.7684    0.7403    0.4379    0.5493    0.5110
60     0.0000    0.6139     0.5399    0.4907    0.5172    0.7705    0.7402    0.4595    0.5604    0.5026
61     0.0000    0.6149     0.5339    0.4947    0.5066    0.7642    0.7422    0.4468    0.5566    0.5001
62     0.0000    0.6112     0.5441    0.4883    0.5013    0.7729    0.7386    0.4462    0.5390    0.5013
63     0.0000    0.6125     0.5413    0.4971    0.5097    0.7636    0.7407    0.4491    0.5526    0.5034
64     0.0000    0.6091     0.5465    0.4918    0.5070    0.7655    0.7411    0.4334    0.5398    0.5084
65     0.0000    0.6150     0.5418    0.4904    0.5082    0.7661    0.7425    0.4446    0.5524    0.5089
66     0.0000    0.6121     0.5414    0.4892    0.5085    0.7723    0.7399    0.4437    0.5434    0.5106
67     0.0000    0.6155     0.5428    0.4956    0.4998    0.7692    0.7402    0.4432    0.5578    0.5011
68     0.0000    0.6113     0.5423    0.4911    0.5002    0.7689    0.7391    0.4547    0.5349    0.5094
69     0.0000    0.6155     0.5435    0.4913    0.5047    0.7739    0.7400    0.4440    0.5659    0.5031
70     0.0000    0.6157     0.5396    0.4932    0.5008    0.7718    0.7395    0.4456    0.5533    0.5007
71     0.0000    0.6155     0.5468    0.4957    0.5015    0.7655    0.7383    0.4342    0.5521    0.4973
72     0.0000    0.6160     0.5432    0.4982    0.5123    0.7722    0.7388    0.4334    0.5525    0.5115
73     0.0000    0.6129     0.5408    0.4926    0.5073    0.7620    0.7409    0.4408    0.5662    0.5005
74     0.0000    0.6124     0.5420    0.4977    0.5077    0.7687    0.7397    0.4426    0.5515    0.5128
75     0.0000    0.6116     0.5435    0.4930    0.4950    0.7685    0.7421    0.4475    0.5482    0.5099
76     0.0000    0.6149     0.5401    0.4950    0.5156    0.7693    0.7417    0.4431    0.5502    0.5006
77     0.0000    0.6141     0.5410    0.4921    0.5116    0.7696    0.7414    0.4443    0.5380    0.5096
78     0.0000    0.6126     0.5464    0.4935    0.5029    0.7652    0.7390    0.4480    0.5541    0.5071
79     0.0000    0.6089     0.5433    0.4900    0.5085    0.7736    0.7405    0.4396    0.5525    0.5034
80     0.0000    0.6115     0.5398    0.4931    0.5045    0.7634    0.7404    0.4386    0.5500    0.5051
81     0.0000    0.6137     0.5413    0.4903    0.5120    0.7674    0.7391    0.4532    0.5418    0.5089
82     0.0000    0.6118     0.5386    0.4940    0.5027    0.7672    0.7389    0.4253    0.5671    0.5067
83     0.0000    0.6134     0.5422    0.4914    0.5089    0.7680    0.7408    0.4495    0.5540    0.5009
84     0.0000    0.6128     0.5393    0.4978    0.5088    0.7697    0.7398    0.4432    0.5714    0.5027
85     0.0000    0.6119     0.5425    0.4918    0.5132    0.7701    0.7381    0.4300    0.5536    0.5092
86     0.0000    0.6131     0.5435    0.4957    0.5095    0.7701    0.7405    0.4460    0.5589    0.5156
87     0.0000    0.6121     0.5476    0.4980    0.5016    0.7709    0.7419    0.4465    0.5538    0.5150
88     0.0000    0.6110     0.5475    0.4855    0.5004    0.7676    0.7388    0.4533    0.5498    0.5092
89     0.0000    0.6107     0.5475    0.4947    0.5178    0.7658    0.7393    0.4451    0.5567    0.5094
90     0.0000    0.6117     0.5373    0.4910    0.5029    0.7612    0.7397    0.4480    0.5436    0.5083
91     0.0000    0.6151     0.5398    0.5000    0.5107    0.7730    0.7382    0.4407    0.5535    0.5085
92     0.0000    0.6128     0.5419    0.4991    0.5025    0.7673    0.7401    0.4439    0.5438    0.5141
93     0.0000    0.6100     0.5449    0.4925    0.5104    0.7708    0.7392    0.4535    0.5450    0.5130
94     0.0000    0.6086     0.5418    0.4908    0.4999    0.7674    0.7394    0.4478    0.5485    0.5045
95     0.0000    0.6135     0.5420    0.5006    0.5143    0.7674    0.7423    0.4485    0.5581    0.5026
96     0.0000    0.6125     0.5426    0.4946    0.5085    0.7657    0.7412    0.4362    0.5580    0.5133
97     0.0000    0.6134     0.5394    0.4921    0.5133    0.7710    0.7377    0.4312    0.5547    0.5109
98     0.0000    0.6140     0.5456    0.5023    0.5172    0.7704    0.7403    0.4445    0.5544    0.5091
99     0.0000    0.6157     0.5464    0.4960    0.5125    0.7668    0.7406    0.4403    0.5744    0.5076
100     0.0000    0.6145     0.5395    0.4958    0.5063    0.7663    0.7399    0.4492    0.5471    0.4986
101     0.0000    0.6152     0.5413    0.4945    0.4977    0.7706    0.7419    0.4385    0.5450    0.5128
102     0.0000    0.6132     0.5434    0.4963    0.5079    0.7726    0.7402    0.4365    0.5669    0.5120
103     0.0000    0.6134     0.5419    0.4904    0.5143    0.7649    0.7405    0.4394    0.5496    0.5043
104     0.0000    0.6129     0.5455    0.4935    0.5062    0.7644    0.7427    0.4381    0.5552    0.5100
105     0.0000    0.6146     0.5436    0.4917    0.5169    0.7666    0.7402    0.4354    0.5401    0.5055
106     0.0000    0.6135     0.5445    0.4950    0.5025    0.7699    0.7404    0.4380    0.5421    0.5036
107     0.0000    0.6161     0.5414    0.4992    0.5092    0.7715    0.7399    0.4413    0.5521    0.5044
108     0.0000    0.6149     0.5428    0.4923    0.4987    0.7687    0.7386    0.4435    0.5445    0.5138
109     0.0000    0.6121     0.5418    0.5034    0.5019    0.7688    0.7408    0.4458    0.5634    0.5099
110     0.0000    0.6109     0.5430    0.4941    0.5083    0.7638    0.7413    0.4368    0.5484    0.5087
111     0.0000    0.6144     0.5412    0.4940    0.4973    0.7657    0.7426    0.4425    0.5499    0.5037
112     0.0000    0.6108     0.5381    0.4994    0.5076    0.7678    0.7392    0.4330    0.5629    0.5023
113     0.0000    0.6134     0.5456    0.4938    0.5121    0.7731    0.7407    0.4465    0.5542    0.5026
114     0.0000    0.6100     0.5396    0.4949    0.5102    0.7750    0.7396    0.4392    0.5525    0.5091
115     0.0000    0.6125     0.5461    0.4954    0.5090    0.7663    0.7396    0.4417    0.5479    0.5020
116     0.0000    0.6111     0.5435    0.4884    0.5165    0.7765    0.7389    0.4394    0.5405    0.5109
117     0.0000    0.6174     0.5430    0.4947    0.4988    0.7672    0.7405    0.4430    0.5334    0.5118
118     0.0000    0.6095     0.5394    0.4963    0.5093    0.7706    0.7381    0.4331    0.5484    0.4982
119     0.0000    0.6158     0.5406    0.4911    0.5056    0.7712    0.7407    0.4507    0.5433    0.5089
