 1        0.1055    0.0000
 2        0.2526    0.0000
 3        0.3261    0.0000
 4        0.3839    0.0000
 5        0.4142    0.3794
 6        0.4705    0.0000
 7        0.4843    0.0000
 8        0.4922    0.0000
 9        0.4961    0.0000
10        0.5026    0.4302
11        0.5048    0.0000
12        0.5102    0.0000
13        0.5128    0.0000
14        0.5097    0.0000
15        0.5112    0.4345
16        0.5112    0.0000
17        0.5107    0.0000
18        0.5115    0.0000
19        0.5134    0.0000
20        0.5139    0.4344
21        0.5134    0.0000
22        0.5126    0.0000
23        0.5121    0.0000
24        0.5123    0.0000
25        0.5147    0.4371
26        0.5130    0.0000
27        0.5137    0.0000
28        0.5147    0.0000
29        0.5125    0.0000
30        0.5130    0.4321
31        0.5134    0.0000
32        0.5131    0.0000
33        0.5128    0.0000
34        0.5135    0.0000
35        0.5107    0.4310
36        0.5103    0.0000
37        0.5136    0.0000
38        0.5127    0.0000
39        0.5131    0.0000
40        0.5139    0.4390
41        0.5120    0.0000
42        0.5123    0.0000
43        0.5158    0.0000
44        0.5140    0.0000
45        0.5146    0.4357
46        0.5136    0.0000
47        0.5121    0.0000
48        0.5125    0.0000
49        0.5120    0.0000
50        0.5118    0.4349
51        0.5132    0.0000
52        0.5130    0.0000
53        0.5133    0.0000
54        0.5132    0.0000
55        0.5130    0.4334
56        0.5141    0.0000
57        0.5132    0.0000
58        0.5126    0.0000
59        0.5141    0.0000
60        0.5136    0.4344
61        0.5136    0.0000
62        0.5123    0.0000
63        0.5141    0.0000
64        0.5122    0.0000
65        0.5156    0.4338
66        0.5141    0.0000
67        0.5113    0.0000
68        0.5129    0.0000
69        0.5133    0.0000
70        0.5134    0.4315
71        0.5122    0.0000
72        0.5155    0.0000
73        0.5124    0.0000
74        0.5108    0.0000
75        0.5141    0.4316
76        0.5132    0.0000
77        0.5135    0.0000
78        0.5142    0.0000
79        0.5151    0.0000
80        0.5142    0.4320
81        0.5145    0.0000
82        0.5136    0.0000
83        0.5136    0.0000
84        0.5132    0.0000
85        0.5134    0.4336
86        0.5144    0.0000
87        0.5141    0.0000
88        0.5129    0.0000
89        0.5161    0.0000
90        0.5135    0.4350
91        0.5144    0.0000
92        0.5154    0.0000
93        0.5142    0.0000
94        0.5124    0.0000
95        0.5139    0.4338
96        0.5128    0.0000
97        0.5133    0.0000
