0.0000    0.1145    0.0623    0.0545    0.0765    0.2771    0.3009    0.0634    0.1069    0.0462
0.0000    0.2667    0.1642    0.1688    0.2240    0.5441    0.4921    0.2302    0.2981    0.1711
0.0000    0.3263    0.2339    0.2319    0.3297    0.6418    0.5348    0.3240    0.3936    0.2767
0.0000    0.3653    0.2890    0.2630    0.4410    0.6902    0.5661    0.3970    0.4880    0.3606
0.0000    0.3801    0.3283    0.2892    0.4680    0.7172    0.5806    0.4618    0.5219    0.4012
0.0000    0.4182    0.3852    0.3228    0.5662    0.7646    0.6106    0.5122    0.6154    0.5017
0.0000    0.4304    0.3920    0.3387    0.6020    0.7781    0.6180    0.5385    0.6178    0.5206
0.0000    0.4397    0.3967    0.3408    0.6052    0.7823    0.6192    0.5489    0.6467    0.5403
0.0000    0.4460    0.4014    0.3483    0.6202    0.7810    0.6210    0.5493    0.6495    0.5362
0.0000    0.4491    0.4116    0.3547    0.6348    0.7849    0.6212    0.5566    0.6609    0.5455
0.0000    0.4562    0.4057    0.3530    0.6330    0.7915    0.6262    0.5595    0.6620    0.5546
0.0000    0.4543    0.4150    0.3491    0.6435    0.7893    0.6285    0.5757    0.6770    0.5569
0.0000    0.4559    0.4183    0.3606    0.6470    0.7979    0.6288    0.5670    0.6729    0.5697
0.0000    0.4554    0.4123    0.3523    0.6398    0.7961    0.6287    0.5656    0.6648    0.5671
0.0000    0.4589    0.4136    0.3567    0.6355    0.7903    0.6299    0.5724    0.6819    0.5609
0.0000    0.4546    0.4141    0.3512    0.6547    0.7923    0.6313    0.5646    0.6729    0.5598
0.0000    0.4587    0.4094    0.3528    0.6547    0.7929    0.6313    0.5601    0.6709    0.5618
0.0000    0.4591    0.4105    0.3543    0.6469    0.7956    0.6296    0.5653    0.6636    0.5774
0.0000    0.4604    0.4125    0.3599    0.6464    0.7932    0.6302    0.5798    0.6615    0.5771
0.0000    0.4590    0.4118    0.3560    0.6542    0.7977    0.6299    0.5779    0.6663    0.5721
0.0000    0.4592    0.4163    0.3604    0.6520    0.7945    0.6315    0.5692    0.6680    0.5688
0.0000    0.4597    0.4157    0.3540    0.6518    0.7917    0.6326    0.5779    0.6652    0.5623
0.0000    0.4590    0.4173    0.3552    0.6462    0.7903    0.6300    0.5804    0.6624    0.5667
0.0000    0.4586    0.4095    0.3537    0.6567    0.7975    0.6303    0.5623    0.6660    0.5728
0.0000    0.4614    0.4153    0.3552    0.6529    0.7974    0.6311    0.5784    0.6731    0.5683
0.0000    0.4601    0.4141    0.3560    0.6569    0.7968    0.6301    0.5727    0.6589    0.5699
0.0000    0.4604    0.4184    0.3618    0.6453    0.7989    0.6301    0.5689    0.6609    0.5761
0.0000    0.4603    0.4140    0.3589    0.6492    0.7937    0.6322    0.5723    0.6804    0.5722
0.0000    0.4584    0.4123    0.3582    0.6528    0.7905    0.6292    0.5638    0.6728    0.5743
0.0000    0.4568    0.4148    0.3576    0.6537    0.7957    0.6305    0.5743    0.6629    0.5694
0.0000    0.4578    0.4160    0.3613    0.6572    0.7949    0.6313    0.5630    0.6701    0.5688
0.0000    0.4591    0.4166    0.3572    0.6484    0.7919    0.6267    0.5718    0.6696    0.5756
0.0000    0.4570    0.4157    0.3606    0.6412    0.7954    0.6303    0.5645    0.6717    0.5766
0.0000    0.4631    0.4174    0.3529    0.6505    0.7954    0.6306    0.5655    0.6797    0.5659
0.0000    0.4595    0.4139    0.3522    0.6455    0.7921    0.6283    0.5650    0.6609    0.5709
0.0000    0.4560    0.4135    0.3544    0.6403    0.7951    0.6293    0.5645    0.6676    0.5650
0.0000    0.4590    0.4189    0.3549    0.6524    0.7936    0.6299    0.5729    0.6685    0.5705
0.0000    0.4595    0.4139    0.3596    0.6388    0.7926    0.6306    0.5687    0.6770    0.5697
0.0000    0.4575    0.4133    0.3567    0.6516    0.7947    0.6307    0.5663    0.6702    0.5744
0.0000    0.4573    0.4088    0.3598    0.6475    0.7935    0.6292    0.5784    0.6830    0.5693
0.0000    0.4573    0.4145    0.3600    0.6578    0.7882    0.6294    0.5629    0.6663    0.5683
0.0000    0.4590    0.4136    0.3576    0.6440    0.7911    0.6308    0.5617    0.6856    0.5646
0.0000    0.4591    0.4142    0.3624    0.6432    0.7949    0.6298    0.5808    0.6902    0.5704
0.0000    0.4612    0.4129    0.3615    0.6519    0.7927    0.6302    0.5809    0.6704    0.5658
0.0000    0.4598    0.4127    0.3612    0.6541    0.7958    0.6299    0.5749    0.6719    0.5705
0.0000    0.4605    0.4130    0.3549    0.6459    0.7999    0.6312    0.5728    0.6684    0.5738
0.0000    0.4589    0.4126    0.3530    0.6507    0.7972    0.6293    0.5666    0.6606    0.5782
0.0000    0.4574    0.4167    0.3512    0.6517    0.7971    0.6288    0.5599    0.6766    0.5723
0.0000    0.4589    0.4132    0.3587    0.6525    0.7989    0.6289    0.5699    0.6628    0.5627
0.0000    0.4601    0.4153    0.3580    0.6494    0.7925    0.6315    0.5653    0.6599    0.5687
0.0000    0.4590    0.4162    0.3569    0.6564    0.7923    0.6296    0.5755    0.6628    0.5682
0.0000    0.4590    0.4131    0.3591    0.6457    0.7941    0.6298    0.5700    0.6783    0.5705
0.0000    0.4607    0.4115    0.3576    0.6472    0.7959    0.6308    0.5720    0.6718    0.5710
0.0000    0.4610    0.4179    0.3499    0.6450    0.7915    0.6301    0.5791    0.6778    0.5658
0.0000    0.4567    0.4146    0.3594    0.6484    0.7966    0.6298    0.5792    0.6636    0.5658
0.0000    0.4580    0.4204    0.3508    0.6542    0.7939    0.6311    0.5713    0.6763    0.5697
0.0000    0.4601    0.4092    0.3603    0.6442    0.7930    0.6294    0.5716    0.6818    0.5701
0.0000    0.4600    0.4177    0.3614    0.6542    0.7902    0.6285    0.5583    0.6701    0.5686
0.0000    0.4630    0.4174    0.3561    0.6440    0.7913    0.6297    0.5709    0.6782    0.5758
0.0000    0.4613    0.4114    0.3597    0.6511    0.7937    0.6321    0.5766    0.6580    0.5753
0.0000    0.4591    0.4157    0.3579    0.6558    0.7982    0.6293    0.5722    0.6575    0.5760
0.0000    0.4597    0.4130    0.3569    0.6307    0.7935    0.6291    0.5764    0.6774    0.5725
0.0000    0.4607    0.4182    0.3625    0.6492    0.7963    0.6303    0.5740    0.6672    0.5679
0.0000    0.4606    0.4169    0.3547    0.6486    0.7897    0.6303    0.5748    0.6655    0.5650
0.0000    0.4599    0.4119    0.3596    0.6514    0.7936    0.6309    0.5813    0.6795    0.5743
0.0000    0.4585    0.4167    0.3601    0.6470    0.7920    0.6312    0.5767    0.6674    0.5753
0.0000    0.4614    0.4125    0.3560    0.6390    0.7921    0.6293    0.5809    0.6551    0.5717
0.0000    0.4596    0.4155    0.3592    0.6427    0.7878    0.6327    0.5736    0.6730    0.5705
0.0000    0.4584    0.4115    0.3586    0.6505    0.8001    0.6308    0.5673    0.6706    0.5726
0.0000    0.4584    0.4145    0.3540    0.6411    0.7943    0.6304    0.5712    0.6834    0.5700
0.0000    0.4609    0.4123    0.3503    0.6521    0.7958    0.6292    0.5632    0.6697    0.5743
0.0000    0.4611    0.4157    0.3588    0.6504    0.7939    0.6316    0.5790    0.6809    0.5697
0.0000    0.4593    0.4140    0.3631    0.6492    0.7927    0.6310    0.5687    0.6673    0.5621
0.0000    0.4637    0.4158    0.3548    0.6556    0.7968    0.6290    0.5596    0.6562    0.5611
0.0000    0.4583    0.4121    0.3603    0.6469    0.7970    0.6302    0.5760    0.6736    0.5720
0.0000    0.4605    0.4145    0.3634    0.6529    0.7929    0.6294    0.5661    0.6658    0.5733
0.0000    0.4583    0.4158    0.3623    0.6405    0.7950    0.6304    0.5786    0.6790    0.5628
0.0000    0.4596    0.4154    0.3605    0.6529    0.7934    0.6288    0.5791    0.6686    0.5726
0.0000    0.4609    0.4144    0.3563    0.6492    0.7973    0.6292    0.5750    0.6790    0.5764
0.0000    0.4581    0.4137    0.3612    0.6452    0.7969    0.6288    0.5740    0.6645    0.5831
0.0000    0.4646    0.4150    0.3529    0.6514    0.7910    0.6305    0.5741    0.6749    0.5806
0.0000    0.4583    0.4166    0.3540    0.6549    0.7914    0.6286    0.5729    0.6736    0.5696
0.0000    0.4597    0.4150    0.3618    0.6441    0.7970    0.6302    0.5798    0.6633    0.5732
0.0000    0.4595    0.4182    0.3589    0.6500    0.7935    0.6295    0.5641    0.6756    0.5713
0.0000    0.4597    0.4148    0.3535    0.6549    0.7921    0.6294    0.5725    0.6631    0.5735
0.0000    0.4617    0.4113    0.3513    0.6556    0.7956    0.6319    0.5722    0.6730    0.5753
0.0000    0.4581    0.4163    0.3584    0.6457    0.7930    0.6310    0.5721    0.6831    0.5679
0.0000    0.4601    0.4137    0.3599    0.6472    0.7906    0.6288    0.5703    0.6785    0.5690
0.0000    0.4618    0.4160    0.3621    0.6586    0.7922    0.6305    0.5856    0.6790    0.5628
0.0000    0.4606    0.4116    0.3604    0.6470    0.7936    0.6318    0.5779    0.6622    0.5730
0.0000    0.4563    0.4191    0.3611    0.6468    0.7942    0.6299    0.5662    0.6836    0.5725
0.0000    0.4600    0.4171    0.3604    0.6579    0.7927    0.6289    0.5762    0.6737    0.5731
0.0000    0.4572    0.4142    0.3615    0.6499    0.7954    0.6309    0.5703    0.6704    0.5773
0.0000    0.4582    0.4090    0.3502    0.6456    0.7920    0.6298    0.5732    0.6782    0.5722
0.0000    0.4590    0.4176    0.3539    0.6425    0.8000    0.6330    0.5749    0.6739    0.5698
0.0000    0.4594    0.4166    0.3575    0.6438    0.7933    0.6323    0.5711    0.6730    0.5705
0.0000    0.4593    0.4140    0.3603    0.6474    0.7954    0.6299    0.5699    0.6646    0.5781
